10*10
0: 72,29 43,43 490,85 398,71 194,6 984,47 327,37 576,86 148,76 179,13 
1: 244,78 502,28 405,91 81,81 312,22 314,2 290,46 622,46 474,69 166,85 
2: 323,9 174,90 619,74 314,95 188,14 84,84 892,13 219,31 977,85 384,61 
3: 359,36 428,69 545,39 977,98 506,26 716,95 879,61 1195,79 621,76 818,52 
4: 408,49 249,75 941,33 674,99 575,69 1055,6 1264,55 728,32 1324,26 908,90 
5: 419,11 594,46 719,10 1053,43 480,61 366,52 961,21 696,74 817,51 766,47 
6: 481,62 548,46 820,89 683,9 1102,53 1049,65 940,32 908,88 1142,40 391,7 
7: 537,56 1025,72 731,12 846,85 651,49 1080,25 1209,30 1116,36 1298,89 953,45 
8: 581,44 1055,30 709,90 761,52 602,21 809,48 1179,89 927,19 1398,74 455,64 
9: 602,21 260,11 865,45 1010,22 723,72 937,72 1090,32 1058,48 988,11 531,76 
