20*15
0: 814,57 599,86 1322,57 719,24 112,55 2549,78 1998,87 661,62 226,72 2471,39 17,17 424,87 721,2 53,29 891,77 1265,43 2152,7 337,96 24,7 513,89 
1: 16,16 248,94 42,26 1392,97 133,21 2238,13 1624,37 2333,95 154,10 2432,99 1084,96 1245,62 577,37 301,53 540,91 789,56 2031,30 1773,50 2455,23 1537,46 
2: 273,22 89,89 1361,39 576,36 296,23 251,81 170,52 538,72 665,89 466,47 317,21 1462,95 714,49 419,63 772,58 964,7 2207,55 118,29 2538,83 540,2 
3: 757,9 612,13 950,32 438,37 57,57 2316,78 224,54 691,30 370,59 1427,87 525,87 1301,56 143,86 311,7 1001,51 1340,39 2128,97 241,17 401,31 304,63 
4: 510,24 751,41 1025,75 1466,74 679,90 57,10 1724,74 47,47 462,92 555,45 710,31 589,34 1122,4 356,26 308,91 106,47 486,24 217,99 2568,30 1915,1 
5: 748,53 806,55 1127,9 695,63 217,84 2559,10 1650,26 129,70 515,53 1254,32 632,41 1367,66 1118,63 330,19 1141,14 59,59 2215,8 1840,67 591,76 1914,74 
6: 246,58 666,54 918,96 822,71 477,79 2607,48 100,100 313,7 144,1 398,85 566,41 109,9 751,30 143,34 188,44 957,39 2145,17 1146,91 306,60 1623,86 
7: 1122,41 904,98 1949,9 2102,32 1081,55 2753,88 2360,55 2485,69 952,48 1871,96 1606,64 1732,68 1523,76 714,87 1221,55 1940,69 2285,70 1542,19 3083,89 1983,34 
8: 1000,92 1408,14 1990,41 1786,24 1022,14 3057,51 2050,13 2694,89 1008,8 1762,98 1101,17 1664,86 1299,84 805,42 1394,95 2037,47 2467,29 1578,36 2767,73 2321,72 
9: 1236,44 1023,1 1778,75 2070,6 886,41 2644,37 2478,50 2416,65 1192,26 2048,11 1703,97 1518,56 1356,39 719,5 1166,17 1597,6 2581,14 1875,6 3107,24 2013,30 
10: 908,63 1276,63 1474,8 2064,61 845,99 3006,93 2232,94 2351,18 1144,49 1615,56 1466,71 1898,82 1304,5 539,98 1516,37 1559,43 2438,87 1395,91 2913,53 2496,58 
11: 1329,93 1123,100 1606,30 1857,71 687,8 2665,21 2428,68 2934,25 1576,97 1775,13 1218,95 2047,97 1669,63 763,44 1479,54 1762,93 2567,51 1786,11 2860,17 2249,75 
12: 1043,43 1213,90 1415,54 1530,45 954,68 2828,75 2138,88 2909,81 1337,76 1942,71 1734,31 1816,82 1447,18 441,22 1261,40 1591,32 2487,20 1429,14 2994,72 2032,19 
13: 1148,26 942,38 1663,57 2003,53 1026,4 2909,55 2693,88 2605,89 1095,69 2126,78 1247,29 1950,52 1317,13 616,77 1149,1 1484,75 2516,29 1409,14 2922,9 2174,48 
14: 1168,20 1022,80 1453,28 1485,19 746,59 2854,11 2305,73 2758,64 798,52 2037,95 1250,3 1560,42 1215,47 627,11 1425,31 2130,93 2613,32 1869,83 2843,76 2368,47 